((("puts" .
   [1 0 0 0])
  ("strtol" .
   [1 0 0 0 0 0])
  ("推导出value" .
   [1 0 0 0 0 0 0 0])
  ("key" .
   [1 0 0])
  ("found" .
   [1 0 0 0 0])
  ("name" .
   [2 0 0 0])
  ("with" .
   [1 0 0 0])
  ("to" .
   [2 0])
  ("getenv" .
   [1 0 0 0 0 0])
  ("value" .
   [4 0 0 0 0])
  ("跳过空白行" .
   [1 0 0 0 0])
  ("制表符" .
   [1 0 0])
  ("arrary" .
   [1 0 0 0 0 0])
  ("expression" .
   [2 0 0 0 0 0 0 0 0 0])
  ("match" .
   [2 0 0 0 0])
  ("equal" .
   [1 0 0 0 0])
  ("not" .
   [2 0 0])
  ("string" .
   [2 0 0 0 0 0])
  ("设置token的id" .
   [0 0 0 0 2 0 0 0 0 0])
  ("放到token中" .
   [0 0 0 0 0 0 0 1])
  ("配置文件" .
   [0 0 0 1])
  ("lasttoken" .
   [1 0 0 0 0 0 0 0 0])
  ("parser" .
   [1 0 0 0 0 0])
  ("src" .
   [1 0 0])
  ("data_unset" .
   [1 0 0 0 0 0 0 0 0 0])
  ("Fputs" .
   [0 0 0 2 0])
  ("recvline" .
   [5 0 0 0 0 0 3 0])
  ("Recvfrom" .
   [1 0 0 0 0 0 0 0])
  ("servlen" .
   [2 0 0 0 0 0 1])
  ("pservaddr" .
   [1 0 0 0 0 1 0 0 0])
  ("Sendto" .
   [1 0 0 0 0 0])
  ("sendline" .
   [1 0 0 0 0 1 5 0])
  ("Fgets" .
   [2 0 0 0 0])
  ("socklen_t" .
   [0 0 0 0 0 0 1 1 0])
  ("dg_cli" .
   [2 0 0 0 0 1])
  ("cs" .
   [2 0])
  ("write" .
   [1 0 0 0 1])
  ("cl" .
   [1 0])
  ("range" .
   [2 0 0 0 0])
  ("snprintf" .
   [0 0 1 0 0 0 0 0])
  ("Method_DoGet" .
   [1 0 0 0 0 0 0 0 0 0 0 0])
  ("wctl" .
   [4 0 0 0])
  ("isCGI" .
   [1 0 0 0 0])
  ("end" .
   [4 0 0])
  ("res" .
   [11 0 0])
  ("extension" .
   [0 0 0 0 0 0 1 0 0])
  ("mine" .
   [1 0 0 0])
  ("pos" .
   [1 0 0])
  ("DBGPRINT" .
   [0 0 0 6 0 0 0 0])
  ("h" .
   [1])
  ("Writen" .
   [1 0 0 0 0 0])
  ("revents" .
   [0 0 0 0 1 0 0])
  ("events" .
   [1 0 0 0 0 0])
  ("POLLRDNORM" .
   [0 0 0 0 2 0 1 0 0 0])
  ("INFTIM" .
   [1 0 0 0 0 0])
  ("fd" .
   [8 0])
  ("c" .
   [2])
  ("continue" .
   [0 0 0 0 0 1 0 0])
  ("accept" .
   [0 0 0 0 0 1])
  ("connfd" .
   [6 0 0 0 0 0])
  ("cliaddr" .
   [0 0 0 0 0 1 1])
  ("clilen" .
   [1 0 0 0 1 0])
  ("select" .
   [0 0 0 0 0 1])
  ("nready" .
   [2 0 0 1 1 0])
  ("FD_SET" .
   [2 0 0 0 0 0])
  ("allset" .
   [0 0 0 0 2 2])
  ("FD_ZERO" .
   [1 0 0 0 0 0 0])
  ("FD_SETSIZE" .
   [2 0 0 0 0 0 0 1 0 0])
  ("client" .
   [5 0 0 3 4 1])
  ("index" .
   [1 0 0 0 0])
  ("maxi" .
   [4 0 0 0])
  ("maxfd" .
   [4 0 0 0 0])
  ("listen" .
   [1 0 0 0 0 2])
  ("htonl" .
   [1 0 0 0 0])
  ("bzero" .
   [1 0 0 0 0])
  ("rset" .
   [4 0 0 0])
  ("ssize_t" .
   [0 0 0 0 1 0 0])
  ("err_quit" .
   [1 0 0 0 0 0 0 1])
  ("PTHREAD_MUTEX_INITIALIZER" .
   [0 0 0 0 0 0 0 0 0 0 1 0 0 0 0 0 0 0 0 0 0 0 0 0 0])
  ("pthread_mutex" .
   [0 0 0 0 0 0 0 0 0 0 0 0 1])
  ("pthread" .
   [0 0 0 0 0 0 1])
  ("msg" .
   [4 0 0])
  ("LISTENQ" .
   [1 0 0 1 0 0 1])
  ("socket" .
   [2 0 0 0 0 0])
  ("close" .
   [2 0 0 0 0])
  ("recv" .
   [1 0 0 0])
  ("send" .
   [1 0 0 0])
  ("strcpy" .
   [1 0 0 0 0 0])
  ("sin_addr" .
   [0 0 0 0 0 1 1 0])
  ("inet_pton" .
   [1 0 0 0 0 0 0 0 0])
  ("htons" .
   [2 0 0 0 0])
  ("sin_port" .
   [0 0 0 0 0 0 0 1])
  ("sin_family" .
   [1 0 0 0 0 0 0 0 0 0])
  ("SOCK_STREAM" .
   [0 0 0 0 0 0 0 0 1 0 0])
  ("AF_INET" .
   [1 0 0 0 0 0 3])
  ("servaddr" .
   [3 0 0 0 0 6 4 3])
  ("sockaddr_in" .
   [3 0 0 0 0 0 0 0 0 0 0])
  ("sockfd" .
   [12 0 0 0 0 4])
  ("8888" .
   [2 0 0 0])
  ("SERVER_PORT" .
   [1 0 0 0 1 0 0 0 0 0 2])
  ("1024" .
   [5 0 0 0])
  ("maxN" .
   [3 0 0 0])
  ("reverse" .
   [0 0 0 2 0 0 0])
  ("Node" .
   [3 0 0 0])
  ("sqrt" .
   [1 0 0 0])
  ("y" .
   [4])
  ("dy" .
   [3 0])
  ("x" .
   [2])
  ("dx" .
   [3 0])
  ("distance" .
   [2 0 0 0 0 0 0 0])
  ("cnt" .
   [1 0 0])
  ("point" .
   [4 0 0 0 0])
  ("float" .
   [8 0 0 0 0])
  ("compare" .
   [0 0 0 0 0 1 0])
  ("size" .
   [6 0 0 1])
  ("strlen" .
   [6 0 0 0 1 1])
  ("EOF" .
   [1 0 0])
  ("scanf" .
   [5 0 0 0 0])
  ("buf" .
   [4 0 0])
  ("i" .
   [9])
  ("strcmp" .
   [1 0 0 0 0 0])
  ("Mmax" .
   [2 0 0 0])
  ("10000" .
   [1 0 0 0 6])
  ("Nmax" .
   [3 0 0 0])
  ("ad" .
   [2 0])
  ("getParentResult" .
   [0 0 0 0 1 0 0 0 0 0 0 0 0 0 0])
  ("return" .
   [13 0 0 4 2 4])
  ("eprintf" .
   [0 0 1 0 0 0 0])
  ("OPEN_MAX_GUESS" .
   [0 0 0 0 1 0 0 0 0 0 0 0 0 0])
  ("EINVAL" .
   [0 0 0 0 1 0])
  ("_SC_OPEN_MAX" .
   [0 0 0 0 0 0 1 0 0 0 0 0])
  ("sysconf" .
   [2 0 0 0 0 0 0])
  ("errno" .
   [4 0 0 0 0])
  ("open_max" .
   [0 0 0 0 4 0 0 0])
  ("long" .
   [4 0 0 0])
  ("endif" .
   [1 0 0 0 0])
  ("openmax" .
   [2 0 1 0 2 0 0])
  ("static" .
   [1 0 0 0 2 0])
  ("OPEN_MAX" .
   [0 0 1 2 3 0 0 0])
  ("ifdef" .
   [1 0 0 0 0])
  ("define" .
   [8 0 0 0 2 2])
  ("include" .
   [11 0 1 1 15 11 14])
  ("file" .
   [1 0 0 0])
  ("of" .
   [1 0])
  ("ibus-agent-file-name" .
   [0 0 0 0 0 0 0 0 0 0 0 0 0 1 0 0 0 0 0 0])
  ("ibus-agent-send" .
   [0 0 0 0 0 0 0 0 1 0 0 0 0 0 0])
  ("Chinese-GBK" .
   [0 0 0 0 1 0 0 0 0 0 0])
  ("prefer-coding-system" .
   [0 0 0 0 1 0 0 0 0 0 0 0 0 0 0 0 0 0 0 0])
  ("Chinese" .
   [0 0 0 0 2 0 0])
  ("load-path" .
   [0 0 0 1 0 0 0 0 0])
  ("add-to-list" .
   [0 0 0 2 0 0 0 0 0 0 0])
  ("autoload" .
   [1 0 0 1 2 0 0 0])
  ("ibus" .
   [4 2 0 0])
  ("load" .
   [2 0 0 0])
  ("ibus-mode" .
   [0 0 0 0 1 0 0 0 2])
  ("set" .
   [1 0 0])
  ("setq" .
   [4 0 0 0])
  ("require" .
   [0 0 0 2 0 0 0])
  ("ibus-mode-on" .
   [0 0 0 0 1 0 0 0 0 0 0 0])
  ("load-file" .
   [0 0 0 0 0 0 1 0 0])
  ("let" .
   [1 0 0])
  ("curbuf" .
   [3 0 0 0 0 0])
  ("current-buffer" .
   [1 0 0 0 1 0 0 0 0 0 0 0 0 0])
  ("switch-to-buffer" .
   [0 0 1 0 0 0 0 0 0 0 0 0 0 0 0 0])
  ("int" .
   [61 0 0])
  ("main" .
   [8 0 0 6])
  ("void" .
   [17 0 0 0])
  ("pid_t" .
   [0 0 0 1 0])
  ("var" .
   [3 0 0])
  ("printf" .
   [12 0 0 2 3 2])
  ("if" .
   [39 0])
  ("pid" .
   [2 0 0])
  ("vfork" .
   [0 0 0 1 0])
  ("else" .
   [10 0 0 0])
  ("_exit" .
   [0 0 1 0 0])
  ("global" .
   [0 0 2 0 0 0])
  ("getpid" .
   [1 0 0 0 0 0])
  ("exit" .
   [1 0 0 2])
  ("sleep" .
   [0 0 0 0 1])
  ("701178zj12912" .
   [1 0 0 0 0 0 0 0 0 0 0 0 0])
  ("sh" .
   [1 0])
  ("14" .
   [0 2])
  ("class" .
   [3 0 1 1 0])
  ("Calculate" .
   [2 0 5 5 0 0 0 0 0])
  ("double" .
   [18 0 0 1 1 0])
  ("const" .
   [13 0 0 1 2])
  ("virtual" .
   [1 0 1 2 0 0 0])
  ("private" .
   [1 0 1 2 0 0 0])
  ("protected" .
   [1 0 0 1 0 0 0 0 0])
  ("CalculateFactory" .
   [1 0 0 2 0 0 0 0 0 0 0 0 0 0 0 0])
  ("operator" .
   [0 0 0 0 1 0 0 0])
  ("num1" .
   [3 0 0 3])
  ("num2" .
   [6 0 0 1])
  ("tok" .
   [2 0 0])
  ("public" .
   [2 0 1 0 1 0])
  ("token" .
   [4 0 0 0 0])
  ("add" .
   [3 0 0])
  ("getResult" .
   [0 0 1 5 0 0 0 0 0])
  ("switch" .
   [0 0 0 0 1 0])
  ("case" .
   [6 0 0 0])
  ("Add" .
   [4 0 0])
  ("new" .
   [5 0 0])
  ("break" .
   [7 0 0 0 0])
  ("Sub" .
   [3 0 0])
  ("calAdd" .
   [4 0 0 0 0 0])
  ("setNum2" .
   [0 0 0 0 1 0 0])
  ("ret" .
   [4 0 0])
  ("std" .
   [1 0 0])
  ("cal" .
   [4 0 0])
  ("lsh" .
   [0 0 1])
  ("typedef" .
   [1 0 2 0 3 0 0])
  ("struct" .
   [24 0 0 1 1 3])
  ("node" .
   [3 0 0 0])
  ("link" .
   [30 0 0 0])
  ("char" .
   [19 0 0 0])
  ("argv" .
   [5 0 0 1])
  ("atoi" .
   [0 0 0 1])
  ("sizeof" .
   [13 0 0 0 1 3])
  ("item" .
   [3 0 1 2])
  ("next" .
   [15 0 19 5])
  ("for" .
   [16 0 0])
  ("malloc" .
   [4 0 0 1 0 0])
  ("while" .
   [10 0 0 2 0])
  ("n" .
   [2])
  ("v" .
   [8])
  ("adj" .
   [9 0 0])
  ("NULL" .
   [25 0 0 0])
  ("NEW" .
   [2 0 0])
  ("FILE" .
   [2 0 0 1])
  ("p" .
   [3])
  ("fpin" .
   [3 0 0 0])
  ("err_sys" .
   [4 0 0 0 0 3 6])
  ("fputs" .
   [2 0 0 0 0])
  ("stdout" .
   [5 0 0 0 0 1])
  ("fflush" .
   [1 0 0 0 0 0])
  ("fgets" .
   [2 0 0 0 0])
  ("line" .
   [4 0 0 0])
  ("MAXLINE" .
   [1 0 0 7 0 1 0])
  ("pclose" .
   [1 0 0 0 0 0])
  ("putchar" .
   [1 0 0 0 0 0 0])
  ("is" .
   [1 0])
  ("t" .
   [1])
  ("ptr" .
   [13 0 0])
  ("m" .
   [1])
  ("p1" .
   [7 0])
  ("a" .
   [3])
  ("b" .
   [4])
  ("pointer" .
   [0 0 1 0 0 0 0])
  ("free" .
   [3 0 0 0])
  ("tmp" .
   [11 0 0])
  ("r" .
   [7])
  ("head" .
   [2 0 0 0])
  ("argc" .
   [1 0 0 0])
  ("stackInit" .
   [0 0 0 0 0 0 1 0 0])
  ("stackPop" .
   [1 0 0 0 0 0 0 0])
  ("stackPush" .
   [1 0 0 0 0 0 0 0 0])
  ("s" .
   [6])
  ("ch1" .
   [3 0 0])
  ("ch2" .
   [3 0 0])
  ("bind" .
   [3 0 0 0])
  ("sockaddr" .
   [7 0 0 0 0 0 0 2])
  ("local" .
   [2 0 0 0 0])
  ("memset" .
   [4 0 0 0 0 2])
  ("buff" .
   [30 0 0 0])
  ("len" .
   [2 0 0])
  ("strncmp" .
   [2 0 0 0 0 0 0])
  ("BUFFLEN" .
   [1 0 0 0 4 0 3])
  ("now" .
   [2 0 0])
  ("time" .
   [1 0 0 0])
  ("sprintf" .
   [0 0 0 1 0 0 0])
  ("ctime" .
   [1 0 0 0 0])
  ("sendto" .
   [1 0 0 0 0 0])
  ("CLINUM" .
   [1 0 0 0 0 0])
  ("machine/ansi.h" .
   [1 0 0 0 0 0 0 0 0 0 0 0 0 0])
  ("listenfd" .
   [6 0 0 0 0 0 0 0])
  ("usr" .
   [1 0 1])
  ("bin" .
   [0 0 1])
  ("python" .
   [1 0 1 0 0 0])
  ("print" .
   [0 0 1 0 0])
  ("M" .
   [1])
  ("MINET_" .
   [0 0 0 0 0 1])
  ("MINET_GZ" .
   [0 0 0 0 0 0 0 1])
  ("CThreadPool" .
   [0 0 0 0 0 0 0 1 0 0 0])
  ("left" .
   [3 0 0 0])
  ("right" .
   [3 0 0 0 0])
  ("fp" .
   [2 0])
  ("Connect" .
   [1 0 0 0 0 0 0])
  ("Write" .
   [1 0 0 0 0])
  ("Read" .
   [1 0 0 0])
  ("regular" .
   [1 0 0 0 0 0 0])
  ("con" .
   [1 0 0])
  ("symbols" .
   [1 0 0 0 0 0 0])
  ("data" .
   [1 0 0 0])
  ("type" .
   [1 0 0 0])))
